x_target y_target x_pred y_pred distance
70 50 682.1555689441127 304.214668204336 662.8420159582002
90 50 685.2497485536179 309.47248619402995 649.3444650144147
110 50 687.657802945959 314.5653072165777 635.3607944207406
130 50 686.4288570825574 318.37584352537 617.7691044250716
150 50 685.7697632807126 319.1952097866872 599.5959474662661
170 50 685.5354404871224 321.28028588762595 582.5545329919967
190 50 685.47330700168 324.515263106121 566.4383705482918
210 50 688.4886197822666 325.60036974001684 552.1837765291302
230 50 689.0756460242746 324.80297061772717 535.039364376989
250 50 687.4650712150624 326.2324887254814 517.3780787399799
270 50 687.7438672779309 324.8855482685731 500.0719981115075
290 50 686.3071391553557 326.2168426805868 483.0684141257163
310 50 683.7194679439237 319.84217931621583 460.9566600651456
330 50 681.3437526419361 318.12611537415 441.96611438678195
350 50 677.4683294811118 317.09272997008054 422.5802092100627
370 50 676.381845865429 318.51667913803544 407.395437445274
390 50 677.6102983155317 322.36840094693383 396.1113852586654
410 50 678.948989357918 322.4614768486957 382.8430686890097
430 50 678.2652734878047 326.2503908914515 371.41610693083067
450 50 683.6413087014955 325.8218380444463 361.4774508513142
470 50 683.8677097282199 321.9799275038004 345.9949106986498
490 50 685.2938251520005 322.6203355332136 335.3528373053404
510 50 688.1213782875816 324.05941460988197 326.8574431451408
530 50 688.2747595009141 324.66405560148496 317.00353773188056
550 50 688.8866123732074 326.3939180427889 309.3268320523609
570 50 689.8928824042682 320.42173701476537 295.807740096987
590 50 685.2975764844975 311.1418650673909 277.9868733855864
610 50 684.9505221208749 306.2738283964276 267.00909326679
630 50 684.3319209907206 316.15517856176746 271.64413616676546
650 50 685.2517523304616 317.33917446331856 269.6533334581586
670 50 685.962407169767 317.79817859685926 268.27348527659
690 50 687.581374504787 314.1507088623433 264.16178137982894
710 50 689.2445944252927 314.7648167259469 265.5770981024057
730 50 688.3444125250962 314.15069839604905 267.41499477590975
750 50 693.82701690088 315.5961961368669 271.471441283659
770 50 696.4738306855015 314.9384751728661 274.9518015961847
790 50 682.6510787674608 310.59513238367157 281.8396954154138
810 50 685.4185704193205 315.1094669659218 292.9224506099199
830 50 678.6248058237401 319.266861239224 308.8998089567617
850 50 671.8920354177928 318.4813995710981 322.1873817567541
870 50 674.0972456115215 322.84937102546564 335.8938350818376
890 50 671.9734926297335 326.2423541229533 351.91674601738976
910 50 674.2374772929767 327.9969989813517 364.5082969643041
930 50 674.7633381391605 324.41839444890826 374.76820672221
950 50 686.5233892361355 331.9036590464707 385.8621481868904
970 50 683.4881666434492 333.0126220132571 402.72220558612196
990 50 679.9860595081306 326.8480791197564 415.63626190648387
1010 50 685.9729410278925 333.44405157027705 430.50443123931666
1030 50 686.7159491557976 334.46287306932516 445.82851604496983
1050 50 680.5489629774384 330.01974621090267 463.5786093264707
1070 50 687.4939796561227 330.9839605081353 474.6186275970929
1090 50 691.929097707419 333.414987592795 488.6558077463663
1110 50 685.2936693718093 330.1162912251689 508.76379970022003
1130 50 683.6201567898349 322.72679418878204 523.1012031077943
1150 50 691.5274308585679 322.8685330533233 533.5300675555388
1170 50 689.0940394042943 325.7423079738195 554.3503976215829
1190 50 681.6500288067559 321.4294183343112 576.2756478886424
1210 50 685.8034230262762 326.3424954976015 592.5767681311942
1230 50 689.0043816827991 327.26861139470805 607.9096494571871
1230 50 676.3073744828653 326.3300813483152 618.8164812042618
1212 59 681.682884201412 330.0958595430117 595.5914777515687
1194 68 682.5550753164796 337.6711820390741 578.1854870254729
1176 77 677.2080369764285 335.94624424285354 562.0022951771527
1159 87 675.6325047622058 334.3055820786422 542.9587335882121
1141 96 682.8070439499257 336.6417790727181 517.5415450079232
1123 105 679.3416592733402 332.6067192770751 498.6356805889509
1106 115 677.887296037366 332.665789674067 480.26959438281443
1088 124 681.3762749988559 333.84720948305085 457.5791790079936
1070 133 682.5305318298389 332.7075508249961 435.90789694680444
1052 143 683.3485301366293 332.38739548354647 414.4532444081781
1035 152 697.4409027342124 338.79886779014953 385.79782419626895
1017 161 704.9684120826387 336.3193351195412 357.91141519234617
999 170 700.8467061024894 340.37963181332407 343.4015224176783
982 180 699.5766042262762 341.6327415729098 325.40454457296147
964 189 694.3446596340461 340.94498353389895 309.5178195338602
946 198 688.853970864484 341.0580209059917 294.2612404746891
929 208 689.5733588915748 344.719263183006 275.7123018614996
911 217 683.4491820837234 337.0354051284156 257.2700394890733
893 226 677.247893230221 339.01954741164116 243.5618805821845
875 236 680.7606921496296 339.58257328617333 220.13236518689487
858 245 678.8769841183671 338.8680357162963 202.22824468349515
840 254 677.489685024701 338.2141293352321 183.0344832348869
822 263 679.0211622605675 338.62715103816356 161.74799539860817
805 273 677.4800135245906 337.3357919310705 142.83011263065848
787 282 680.3581553435479 339.0233416685244 120.93032922627862
769 291 680.509615225954 336.8461442590017 99.66151283658051
751 301 675.1338994508103 333.42188340135465 82.50359832050235
734 310 673.5244976942176 334.1936050255094 65.1353736710479
716 319 672.5705887244608 334.38537456812185 46.074108937030395
698 329 673.2690693479769 334.07822625550045 25.24692679945874
681 338 678.7158557481255 335.6542480955598 3.2741207919922886
663 347 678.5509081881838 337.02445701829174 18.475448661865606
645 356 676.5129643335655 334.78472498489964 37.98887751770131
628 366 676.3404183745718 332.89306717936284 58.59065667338792
610 375 679.251022644368 334.03954632012324 80.45783307392827
592 384 678.5059116847148 332.0365548643225 100.91319233267886
574 394 678.6446077810072 332.6638744539466 121.29556560172364
557 403 689.3120393281257 327.2021779401373 152.4853618554453
539 412 700.4544692735021 318.4238029574142 186.61203150210088
521 422 695.8944506412097 322.7547946038575 201.09122223312744
504 431 683.8748037353064 326.4800508516658 208.03693130976856
486 440 672.908460641215 343.7764303739115 210.2230910505678
468 450 668.3708675819985 349.4665306651531 224.17730266925636
450 459 663.3646233368158 357.36659081325394 236.33411170328725
433 468 666.3557269244604 366.48892570187957 254.4786700169621
415 477 687.035741618791 355.576302305147 297.90461406291894
397 487 690.7153689132207 345.3281059846679 326.09759810480176
380 496 680.4433795271987 320.14803077891145 348.1237414780253
362 505 673.6783391469221 298.3061220653273 373.9862915523203
344 515 675.3361983645166 298.30326640008263 395.90548202762216
327 524 665.51116847259 320.80577291621364 394.8135067355923
309 533 658.678170899145 333.8305779286634 402.421771145153
291 543 656.2097535754064 345.33929295095777 415.26849051876826
273 552 644.261855865665 344.7835023436317 425.17530798694025
256 561 654.5365867758728 323.59895825988593 463.8864792363043
238 570 676.3529209224497 306.0985562661473 511.6612700664916
220 580 666.5439007701059 299.51513201223963 527.3264799771518
203 589 676.4813343479669 294.2960205255647 557.7051277279057
185 598 666.8392251022947 298.08447747171 567.5547193888859
167 608 662.5542543558481 306.5037199636422 580.0638119086059
150 617 657.7677215999558 307.1167542107219 594.8577015721562
132 626 658.5945046681455 307.7862283939944 615.273741343159
114 636 661.7695960309018 312.4075022647884 636.210370024232
96 645 666.1199201670553 313.936758208986 659.2720177866378
79 654 665.775132183982 312.98660009363704 678.671639797352
61 663 662.9381947035529 319.3483576357343 693.1277238306296
50 670 656.8543373143339 326.48294105231196 697.335038919807
70 670 645.7494780995257 331.0471904597771 668.1141134769471
90 670 647.5254136609424 319.9189696619612 658.3246271258183
110 670 634.5074735032006 339.07215928901275 620.1784626366408
130 670 646.454443754226 315.57856118488155 626.3702968414656
150 670 655.2983838636878 302.8008194086217 624.6292460029665
170 670 644.2460773010723 325.28444097835825 586.2918713977344
190 670 654.4106044950996 330.6140337889021 575.2043494520398
210 670 656.027941895775 333.5385590460859 558.7013747974539
230 670 654.4008431014447 359.4325128086791 525.8975563030773
250 670 655.2198272666907 362.7649228174155 508.52384512570825
270 670 661.1712523127633 357.8630697245683 500.4442145511378
290 670 664.094261809998 358.07766211433545 487.0750061245455
310 670 676.9849678947764 343.17915473816817 491.41614906145315
330 670 683.2022622898146 324.39299860367646 494.16195472820584
350 670 677.2570083884433 313.65437392573455 483.81748083509126
370 670 682.1881157539069 305.1982080573653 480.1476512725352
390 670 678.9922148669893 300.7227851373169 468.91594307558825
410 670 680.8525153330393 294.9125143583859 462.6572240300397
430 670 672.06765993196 290.2384532729959 450.350512775795
450 670 674.0585554056263 290.10876830889663 441.0437440506777
470 670 658.5036431647682 305.0041117471661 410.79876086456915
490 670 668.3214660085068 308.54788357431215 403.0461235491939
510 670 671.6770030541117 306.11384551353825 398.18662300924217
530 670 683.2475932266633 307.9381214482364 393.15852875169435
550 670 678.3177316017368 314.7548412188053 377.7096279960197
570 670 655.4140691153118 330.1490056781292 350.42012148904854
590 670 645.4249410096954 333.95240448878405 340.58759597906385
610 670 642.8787239249771 326.89659964650707 344.6751424472965
630 670 649.5599263459428 310.43329421200883 360.0983291128779
650 670 654.7964077654417 285.52243500776797 384.507481734502
670 670 645.0915746825204 312.2263815261162 358.63964048567277
690 670 647.3869904589169 324.09082883995757 348.5240641258161
710 670 647.7827301070147 317.1196621902777 358.32320813148607
730 670 648.8320005842813 346.34408147655336 333.6785844557694
750 670 644.8331178263306 336.4112308433373 349.77355533771794
770 670 650.5361593336675 323.40650070371646 366.6042320830377
790 670 665.7851980651925 310.719192218578 380.14736071657074
810 670 674.8176942055538 308.8637387495338 385.6081625042034
830 670 673.8407750226577 304.1114302125278 397.819241674716
850 670 689.8527343460937 307.90653596193533 395.92780073582617
870 670 680.8213168198547 302.62861084081544 413.2194474398837
890 670 681.3994701477136 322.6694052196126 405.1576521863462
910 670 668.4735969492144 326.43729089909806 419.96468715286227
930 670 661.6476552101385 325.45338047393795 436.72113983760124
950 670 658.1180778890224 329.35311607208325 448.592639245227
970 670 651.6751796492209 331.574617353559 464.60997715368296
990 670 645.4580179535261 337.29356420932123 478.96007120536655
1010 670 641.860102490227 335.08420447453574 497.6902392361747
1030 670 637.1798356019599 317.405920343393 527.8543990217312
1050 670 645.441414765208 312.7130771161658 539.7421552472767
1070 670 661.0225377740446 293.7797627479024 555.701566964506
1090 670 642.6385204823575 303.2431761701454 578.483241919744
1110 670 635.4171494331642 324.77084662720694 586.8662968603999
1130 670 658.9289320609491 325.6523991464091 583.509401177789
1150 670 659.88003086459 296.6915060012726 616.0980569981479
1170 670 665.47689415014 294.74368536205486 628.7772785430797
1190 670 664.1458107980279 289.75486992313483 648.9291080298646
1210 670 654.0581213647326 300.3811321394729 667.599790217918
1230 670 669.2186044450448 291.6298739556678 676.490743383357
1230 670 672.6402360411897 288.89899621254335 675.1946990076475
Average L2 Distance: 411.303616011158
