x_target y_target x_pred y_pred distance
703 492 705.4509336128831 444.8631135523319 47.200562915659326
703 492 721.1492314416697 443.39254959265094 51.885246814737144
703 492 731.7837907755428 443.146711812498 56.70229605704999
703 492 723.4092379697418 449.73968440079426 46.9304940209457
703 492 722.2615250626342 454.93414389377335 41.771809113635285
703 492 723.6210756728314 455.055118670448 42.310199932868635
703 492 716.8326013895482 460.5366511579299 34.369800429445704
703 492 724.3416865642653 468.6325860563445 31.646541988367165
703 492 720.9342574797158 471.81169566747985 27.00380016166604
703 492 723.9275343280508 461.72061132947647 36.80764963037403
703 492 719.3633842056048 458.6650822128843 37.134580737285845
703 492 719.416418473971 457.75240347632035 37.97889760329137
703 492 723.805896002896 466.3412081746404 33.03420812461627
703 492 721.7359118593499 477.3241096333785 23.799498970659506
703 492 719.2893836143439 473.2204346192633 24.859929493556912
703 492 726.2806638758032 463.58589648819657 36.73350771268116
703 492 723.7882941209758 462.0479481515547 36.459272927365866
703 492 721.9026497218925 462.0070469474291 35.45260779297182
703 492 719.8081926148093 461.32478135749096 34.9783415521986
703 492 720.4375094152767 463.9683763244363 33.01270453168429
703 492 719.896896117101 470.93235171059234 27.006497418922837
703 492 716.4791009461742 472.8937300344927 23.38238042441359
703 492 711.5898276041978 473.41673038340497 20.472494911781094
703 492 712.8344555845983 474.53369327544885 20.044659818553622
703 492 711.6193418039625 473.4475978104481 20.4568981064194
703 492 714.1726685269675 471.81577755605815 23.070139957963335
703 492 711.2829347600504 475.0027133375228 18.908060771154624
703 492 710.0984628174785 476.4651777115191 17.079779796759905
703 492 710.2571531015042 482.4747991804444 11.974795271382908
703 492 710.0796381486989 484.3186650961973 10.446252065735834
703 492 709.260609536668 484.5545758137557 9.727773284967597
703 492 708.0870341990176 487.6227581895641 6.711047817517229
703 492 708.5191007433848 486.80612787654854 7.578705737155702
703 492 709.5411863069085 483.8968923864115 10.413811564412088
703 492 703.3451261816646 482.3413243744897 9.664839725525553
703 492 708.2881322296024 484.285447180108 9.353003137424004
703 492 710.8021401912263 481.88145365170067 12.777259947509485
703 492 708.6424453033355 485.49446323786145 8.611573466252803
703 492 708.3304322371948 485.8182580406186 8.16256341400802
703 492 708.7724911391463 482.9776065715523 10.710986748624897
703 492 705.54162990991 480.3251767194747 11.94827942552584
703 492 705.1278254935803 481.6388514482477 10.577383449729389
703 492 705.337780259276 478.4953207699204 13.705530914488643
703 492 703.0538937399897 476.6100553156061 15.390039048810593
703 492 701.4580470049209 477.1704759719601 14.909473563383976
703 492 702.7167908235217 478.7416412455599 13.261383197053021
703 492 702.047518099648 480.57772403883035 11.461919992026301
703 492 701.8056875310249 480.93118477336213 11.133061249943779
703 492 700.1507880448206 482.2675841032617 10.140903704927956
703 492 701.3104584443337 482.023466649782 10.118585294216553
703 492 698.1728137587083 481.78598759323705 11.297246410237447
703 492 698.1739841439759 479.50669566241675 13.393023643452318
703 492 698.9781622745239 484.2066661825496 8.769904827321584
703 492 700.5804365723774 482.25214877427265 10.04364927201279
703 492 699.4375561133062 486.0973653135854 6.894352956377204
703 492 702.5254729608328 483.1354357950047 8.877256020605966
703 492 701.5035403470495 482.7931149248609 9.32770734316466
703 492 702.2689261640171 482.30253343579113 9.724984664132261
703 492 701.0528249194439 481.7667024494427 10.4169030691747
849 509 701.1330125768111 484.8340270948204 149.82870291123587
849 509 699.2075398394023 479.4399506352855 152.68129433368253
849 509 698.9855101015703 481.3059372064327 152.54936346474906
849 509 700.0309921606506 483.2717094056376 151.1744364419729
849 509 700.4435597519006 482.0926502040004 150.97357852363245
849 509 698.4660497183207 482.47717324981807 152.85264317710457
849 509 698.8902384268761 483.5698426733566 152.24859086769226
849 509 698.5624505996525 488.76628085297926 151.79215941576993
849 509 695.8933273566613 486.5752540462894 154.74017719714212
849 509 691.4687929728536 486.7590627197501 159.0934960283847
849 509 693.787333616902 485.8566868977764 156.92859760763318
849 509 695.2513465122951 485.991354616585 155.4607545706057
849 509 692.3415456665714 486.34264929171593 158.28842931578137
849 509 693.7586707573155 487.00534345902287 156.79169372575552
849 509 693.0655268156448 486.0543487400623 157.61365054786677
849 509 692.8761358281981 486.1607896282006 157.78558392433243
849 509 695.3240907938987 485.7866595423011 155.41925313656265
849 509 696.3170657108581 487.7099304162155 154.16012936562043
849 509 697.6590303352407 486.23522068994424 153.0435371915624
849 509 695.982327485804 485.8690318461642 154.75609774543778
849 509 691.1049373392663 485.9261669501464 159.57209212218015
849 509 691.547493634291 486.67469192537766 159.02739116727798
849 509 691.597914490324 486.0964557988425 159.05970218685098
849 509 691.5703421340809 485.8093825288705 159.12857039033753
849 509 689.9918080032394 484.4332999905576 160.89477266658673
849 509 688.6789639551364 485.1519729413966 162.08504864140411
849 509 690.39708057495 486.27820382304606 160.22223962876046
849 509 687.0730034296689 486.1517384133401 163.53102236523947
849 509 685.1777348442824 486.52827145268503 165.35632175594148
849 509 691.1762139875925 488.43722809354233 159.15770487088332
849 509 690.2484107756698 485.1239150832273 160.53701913329346
849 509 691.9854263612132 484.6707101941056 158.888296225459
849 509 688.9873133748256 485.776750697641 161.68914369606202
849 509 689.8348244188787 486.7159716504086 160.71755049544078
849 509 692.1372344869733 484.6073263356385 158.7480070202169
849 509 691.1829011720331 486.4276388120297 159.4231732593366
849 509 690.139248473869 484.44137970427465 160.74782799862882
849 509 687.0496542137031 483.7881673481072 163.9010402833618
849 509 687.6709115307635 483.0053967380928 163.40989622742768
849 509 687.4666597350937 484.2433568271932 163.41943396770068
849 509 688.449953151392 484.73068371470526 162.37400424959003
849 509 690.4641210903877 481.9053644348826 160.83452421059906
849 509 689.3488761014194 481.1232309713623 162.0666394220475
849 509 691.8660205870456 483.76563518774503 159.14729232264293
849 509 689.4138068772215 481.2402197435582 161.9825868274324
849 509 690.1463705013161 480.55057560320233 161.38105636478596
849 509 687.9944480741351 486.07689510311747 162.62919937411564
849 509 686.5957470430244 487.61842223651024 163.80571798984758
849 509 685.565429205845 488.009783288795 164.7769647986423
849 509 690.694797375818 485.17238101686075 160.08838997344242
849 509 692.1063926424276 480.73635207125335 159.41906355236262
849 509 691.6887750188785 480.3586944835845 159.89729793447322
849 509 690.2006730245039 480.66398174006645 161.30764451413273
849 509 687.5025234249201 479.8947495300864 164.09920945889678
849 509 689.7202731690037 479.8997123532097 161.9162070963952
849 509 689.7337334476 480.69731533481485 161.76150846476745
849 509 685.265212587037 480.5014015485299 166.19642211210902
849 509 686.6935990361396 484.0280223860575 164.2162216706762
849 509 684.0257658497985 485.3293509931409 166.66372598094472
849 509 684.1301859045683 482.1588737874659 167.04041922905785
419 371 685.2602807338324 484.42069958917364 289.41111276479484
419 371 683.3265108424869 483.22495908549257 287.1636219577678
419 371 686.0975106953842 483.8312867266628 289.9516847408638
419 371 686.5218140607426 483.29377712260987 290.1341299792441
419 371 686.8661741686507 477.60450414484615 288.299857037284
419 371 690.1803577254283 474.8125316147365 290.3718790385045
419 371 687.8330284150225 465.872154694361 285.0823089971439
419 371 689.262999361739 460.66403309837904 284.7485340708018
419 371 686.9130088512823 457.93162795318716 281.66378583399495
419 371 686.4050028535296 456.3805843421869 280.70496920024317
419 371 696.3762886070198 451.43468082297636 288.8032952729224
419 371 698.5126390032423 454.6102532135044 291.7498754155401
419 371 691.968332474232 452.84895652095383 284.97537124694105
419 371 690.7393511017195 453.04693985498625 283.8555535422045
419 371 687.6749884424896 453.2455115609507 280.9814470503247
419 371 684.7925518338047 456.92263453407 279.335604131663
419 371 686.0499609782075 457.3410661355697 280.6607584966038
419 371 685.2719357392018 457.69304513388596 280.02933388644766
419 371 687.0385496019376 459.3580848231054 282.2265317547545
419 371 685.354992786376 458.3228246919897 280.30386707003953
419 371 687.3708135594118 461.9203518024314 283.35384935168685
419 371 696.1611862310829 463.9571789002368 292.3343295990254
419 371 690.720701376159 460.3515373011131 286.0346775732341
419 371 690.9810713016432 458.6552729155187 285.7571521699563
419 371 685.9749106682328 457.112936560198 280.51923422348705
419 371 685.9056432257507 455.78825759941117 280.049408163088
419 371 688.0420742873997 458.6081468608727 282.9466824920606
419 371 687.8264506286521 458.80836257780857 282.8037642892948
419 371 686.872350811171 457.6936910903532 281.5517579486455
419 371 689.1479021955375 460.1137117631222 284.4664174992376
419 371 688.2359022695853 460.9030284945218 283.8494770180218
419 371 690.7146337211864 459.7451299768252 285.8400606507808
419 371 687.4814695722046 457.40403396188464 282.0424730223041
419 371 690.3216135462023 457.8462044473733 284.88187236858323
419 371 687.6328372193788 459.64748677563136 282.88156204349724
419 371 690.5142100905098 460.35759599290736 285.8404209392107
419 371 688.5094835528255 462.2684230402393 284.5439979496366
419 371 689.9641028253525 461.8393546870662 285.7854674050289
419 371 688.7388052071229 460.3677521056046 284.1577346316215
419 371 689.7255645597403 462.1136876891918 285.6466967960836
419 371 691.1353342493775 464.3759778723464 287.70942527250884
419 371 690.9200867995621 467.50434603720373 288.53703819293247
419 371 689.9110571712208 468.9448391626263 288.0728942754268
419 371 691.5879337988674 470.446354165393 290.1616084348936
419 371 692.4961887050288 470.63991929549024 291.08122363592696
419 371 692.4038291891854 468.3853821333209 290.2301956526271
419 371 686.9618995567428 467.96917612854656 284.96771875619
419 371 686.2595089450526 466.5881756917156 283.83929335738725
419 371 687.3461717442749 463.04134493757607 283.69222243079867
419 371 685.8057976846577 463.622589765207 282.4257031733485
419 371 690.0783379878751 463.78996715570446 286.51953394319446
419 371 692.8144451150165 464.8820815918313 289.46190698891564
419 371 692.3233912062237 463.4995573241485 288.55128536472307
419 371 691.2546123584987 460.22461468746116 286.5023661623099
419 371 695.5826492068156 460.8642913410479 290.81532404687545
419 371 693.0648868203309 460.4843121736274 288.3036668393727
419 371 686.6525995830481 458.29456912630394 281.52842816047996
419 371 686.1368633671303 457.8126153267355 280.88882845264
419 371 690.279933631768 457.83619610721917 284.83912537716424
419 371 690.6892792672274 458.8159323671093 285.5288119371673
231 504 692.6278113260101 459.3802532727973 463.7792125436867
231 504 689.3967696057982 458.8869061023831 460.6113216433639
231 504 691.3697315448869 462.26771326767357 462.2573671436945
231 504 691.9441976759836 461.53635686514906 462.89600814809387
231 504 696.3669926249847 457.5132924176995 467.68306769292485
231 504 696.653632689709 455.5958552133252 468.16265001562414
231 504 694.4800122619617 456.585763154175 465.8989500117168
231 504 695.2557003280706 454.1747220096437 466.9217424943109
231 504 694.5577281873288 454.38572971212176 466.2052586344303
231 504 698.6763755138513 455.078142833827 470.2281789964956
231 504 699.3017435805184 451.9059222128481 471.19031821658587
231 504 698.3562472791348 450.1520726638571 470.4481492675195
231 504 700.2680586130261 453.82478888297146 471.942859512756
231 504 699.7119323004599 451.7847538003938 471.61139449393755
231 504 699.7642339217014 449.81377722739273 471.8856362960862
231 504 701.525260551583 447.42952918232845 473.91374635651584
231 504 701.7359643589962 446.2911798486774 474.26011435102976
231 504 697.0076436451122 448.73266639871224 469.27348326862233
231 504 697.1117512634082 448.68767520013364 469.3821661936116
231 504 697.4495214044564 446.859499092379 469.93637107849
231 504 697.6684767043014 445.7322802612704 470.2920308840712
231 504 699.6020905327072 448.2789852675713 471.903327742489
231 504 701.8810591778008 447.2185288647101 474.2922172634665
231 504 702.677357785031 448.7122726945023 474.90658306415924
231 504 704.0780355702248 453.0247082324067 475.81646473170105
231 504 705.7891515766776 453.0909046220408 477.51070610731176
231 504 705.6212304740709 454.49803805896204 477.1957215364919
231 504 700.7997022381026 451.69950749384145 472.70191636949875
231 504 701.855722764936 448.860526515782 474.07327829841563
231 504 701.992760412226 447.20058724471926 474.40526309272036
231 504 700.6386088091938 453.17487370031876 472.3807959132267
231 504 698.8015432698392 451.28829308063433 470.7619440141655
231 504 703.0664585314291 456.4405960778349 474.4561498935778
231 504 702.1774961571546 457.0749403003943 473.5083886403038
231 504 701.3267232644828 457.4621321801894 472.6235285699597
231 504 699.2490717042751 453.3687852770671 470.97846347389935
231 504 702.7852603109604 454.68992181614425 474.35515772169975
231 504 698.1259125089531 455.08825238142936 469.67965379865547
231 504 700.09671874352 453.71863621836064 471.78379272679416
231 504 702.2170477387265 452.1718360389593 474.0587143584366
231 504 700.5852891089091 452.2887266855506 472.42396164388134
231 504 701.1521498541687 451.17431006649025 473.11055529278565
231 504 700.1394946477127 454.9246455706307 471.6993278039301
231 504 698.4964628989003 454.7024320217819 470.0884948938337
231 504 700.1789173624211 456.41484184162573 471.58583924279475
231 504 700.3951476709105 457.3619387254977 471.70638475267657
231 504 701.180312266736 456.95474783863136 472.5280751385807
231 504 700.0105880897529 456.4159057417971 471.4182620207552
231 504 701.946461765496 460.46542271384396 472.954362776076
231 504 700.3128592759412 462.4669751425812 471.14705988212035
231 504 704.8977533382556 463.9812649120875 475.5844612443542
231 504 703.4568567782364 461.57181775670995 474.3581264880374
231 504 701.9265748410655 460.1783574082213 472.96107160207094
231 504 706.0652697175017 460.648922810367 477.0391245854622
231 504 701.9547021104888 461.2176435316602 472.8939220004454
231 504 704.8962653517226 460.67603336647164 475.8725001501698
231 504 709.0330845794762 455.5624717032602 480.48082594424733
231 504 707.3119870026914 454.66221557188555 478.86044515571245
231 504 701.6799386268467 453.47505784532984 473.3839608663405
231 504 700.1056466729623 456.0082854012056 471.5541457887845
554 152 699.4964915769497 453.43587672198544 334.71303654974867
554 152 700.9360085507783 453.58735387353147 335.47745471979647
554 152 697.91646088591 453.82373644918255 334.3792989975176
554 152 703.0072092443249 455.7779702023862 338.3551441711266
554 152 699.7566453164567 463.34535167017077 343.7745302673391
554 152 688.5117043027811 462.1779675469894 338.0884058142486
554 152 686.8373125760506 464.16097691387864 339.2495057037732
554 152 685.1394069004914 465.38122540170764 339.7136094955404
554 152 686.4961312928685 465.8898490368439 340.708177383446
554 152 686.2488003040226 466.9910628422193 341.6271576621569
554 152 685.8263342668503 465.2501373857755 339.85854554276335
554 152 685.5602497934192 465.52488468242575 340.0087537708922
554 152 685.9368809351992 464.1361890703891 338.8751113290774
554 152 684.0600470509528 463.25202679464144 337.3328327077995
554 152 682.2807000930982 460.83261018378073 334.4151897406911
554 152 685.4681351860688 462.0300381111862 336.75286947630605
554 152 684.9402814924804 460.8905064865195 335.49769345679346
554 152 687.5543809810365 461.5135849947815 337.0985493524849
554 152 690.4162171860764 460.9309050829555 337.70947340389023
554 152 688.8631778197754 456.8461896687582 333.3455805724877
554 152 688.8466212715521 455.30564560037783 331.93060407473035
554 152 688.8328141437369 451.2201769665585 328.1959811969337
554 152 689.6438135390782 451.17179760131074 328.4859336888322
554 152 690.1146566624064 451.1319290269565 328.64435294359305
554 152 690.7738933228197 453.6265191829648 331.18824702744735
554 152 687.520178084601 452.72180933222194 329.03076537580614
554 152 690.0091970364801 453.6777016843695 330.919835265388
554 152 691.5199534604079 453.81674601411373 331.6701460401596
554 152 688.4589395758219 453.3757038259619 330.00988059215507
554 152 689.2484393139271 452.5888156330049 329.614587693727
554 152 688.0780748081547 453.56567165437207 330.0284600827839
554 152 689.5958931316775 455.18990977735837 332.13004625444535
554 152 689.7500850680275 456.75541120815967 333.6224606596972
554 152 688.3503729633231 454.5182260274556 331.00951616861823
554 152 689.0600036341917 453.2707186159554 330.159431906832
554 152 689.3769662686434 451.7692857980527 328.92027560485843
554 152 693.6862951320425 453.3357838111831 332.13779618227153
554 152 690.5606777255832 452.9293438945058 330.4652609846432
554 152 689.9515958203158 453.49377814275977 330.7284908575101
554 152 688.788280085211 452.1544960217051 329.02978881914794
554 152 691.4864247532352 450.6510477623076 328.7779878899303
554 152 691.4276035252733 449.0513198331099 327.30082924626436
554 152 690.8672282073867 449.63093405685265 327.59244659290823
554 152 690.5700777667191 448.0614481932374 326.0425850214734
554 152 692.646898344597 447.74862244511974 326.6346737545832
554 152 689.0313351689476 447.7613259256458 325.12801077545555
554 152 693.5972545351522 449.68796163125216 328.7940327529104
554 152 694.3341696274676 451.65903772584954 330.8915502937677
554 152 691.3927792536286 452.8689836666864 330.7550772454765
554 152 690.1091267155382 451.0755603464704 328.5907563700198
554 152 690.1105267480945 452.0799194576007 329.5057413055558
554 152 689.2145656745673 454.40327238080897 331.25627226844114
554 152 689.0589271012127 454.24876075907457 331.0516986365226
554 152 692.6883597303149 455.97862107071313 334.1219286319553
554 152 690.7209118004805 454.74517325037766 332.18556207330255
554 152 689.4300351864908 452.3221673654474 329.44604815006346
554 152 691.0586391595921 454.0829072972704 331.72149982997865
554 152 692.4418947866565 453.2054974712454 331.4979787857236
554 152 689.7771489856461 451.74740991140686 329.0652578672919
554 152 690.9925038031618 451.56361871431835 329.4014386056576
304 632 690.9955451480432 451.80011108006704 426.8929045219507
304 632 688.428898681226 450.6172464861987 425.0709133938815
304 632 690.883162733468 449.51283887352014 427.7617860242461
304 632 694.2642838370177 448.1895269859122 431.3844007709169
304 632 695.3933469438423 448.412777022432 432.3112541589892
304 632 703.4104639727373 446.1707509756865 440.52381152879536
304 632 707.3432559339551 444.85958969549654 444.64290759703107
304 632 710.8185433956692 446.75902655282204 447.0073215219545
304 632 708.2807943897294 446.84197594650334 444.66442918653377
304 632 710.8884858435836 446.1197714509326 447.3362262074665
304 632 709.042646422205 447.90881024421236 444.91472392628776
304 632 710.9254586844669 450.23113572745683 445.67729238148763
304 632 710.8673088864257 448.7535670092416 446.2289347905609
304 632 712.2290848143001 449.5380541909648 447.1502514331624
304 632 709.2773467274192 451.5082466908202 443.6518914453522
304 632 706.1055157159535 449.716656240152 441.4929933548933
304 632 707.0458805069454 448.67164871138743 442.7812848120615
304 632 705.9253314677219 448.1374736819483 441.98348460038
304 632 707.6101707094178 449.2389764493237 443.0606748848021
304 632 706.460919569407 448.0618154350692 442.5020310932993
304 632 710.3199351810691 450.06770854641786 445.19124923913245
304 632 712.4964550614117 451.9407767255128 446.4198446350157
304 632 713.4440076439741 451.5604715655387 447.44029637171656
304 632 711.7242411360295 451.3646508072374 445.946393850138
304 632 712.0005495892553 450.61117087529726 446.50459773261576
304 632 710.2687161824842 446.57333900299716 446.58405295874746
304 632 706.7057247326629 450.5994900760935 441.6764038672573
304 632 706.689785036831 449.4419102799725 442.1385745388371
304 632 709.96606652938 448.479594486835 445.5201301995831
304 632 708.990602727958 448.5066428443462 444.6202879066666
304 632 716.4859467947964 447.6631263469158 451.80165923930906
304 632 713.4296065165993 448.2355074851379 448.77833214358975
304 632 710.9981528874835 452.6749688397532 444.7526989850054
304 632 713.9251290689913 457.2812242035563 445.6066225473283
304 632 711.3562886695997 456.0698059752888 443.72353902879973
304 632 709.9523845855773 452.8566785764408 443.7225125699406
304 632 709.3241857507262 453.285205446478 442.974799900397
304 632 710.5346497746962 457.47351227327334 442.4137389205518
304 632 710.2075634617777 459.5797062516634 441.2860096465974
304 632 709.5641029627698 461.25050192392627 440.0427623597816
304 632 711.1474126276556 459.35550302539457 442.2387793319453
304 632 713.9231096672868 456.6103655795303 445.8682313211432
304 632 717.2185015016858 456.3886098806653 448.98651463372914
304 632 715.7908217706031 457.4847923211663 447.24404815010683
304 632 715.9269927032644 455.99948900309204 447.950920513317
304 632 713.4431723807638 455.8961344932303 445.70874217996925
304 632 713.22615573127 455.0746541927256 445.8347502423036
304 632 714.7426856320719 453.8026702890156 447.73188641906256
304 632 713.592017715492 452.5507038721603 447.1774489584924
304 632 710.8767099274894 451.890525867548 444.95851464342917
304 632 712.6953708512438 455.8454865736728 445.04192921083484
304 632 714.5406123885897 452.96712159615123 447.87985662448085
304 632 715.2878774992248 454.3975463819645 447.9959259959445
304 632 716.7344877038466 453.90112997604916 449.52081691948916
304 632 713.910633789841 452.59120393038336 447.4530632380769
304 632 717.7137189054758 452.6401944976361 450.9201492952437
304 632 720.0782651513326 454.4761294335319 452.3669388364304
304 632 717.1950941679434 452.87702364881153 450.35011546724843
304 632 716.2063280037114 452.916581642849 449.4273329213363
304 632 713.4390905369339 452.1528761940075 447.1972236060948
475 203 714.5512401852457 452.2911103589065 345.7323449986503
475 203 712.03887852737 453.51234341631096 344.88239174745496
475 203 709.8473562177501 453.9207999995996 343.67794313121965
475 203 715.3540415273502 457.23774043735716 349.8669660617078
475 203 706.7367917298247 456.65327501925384 343.5722988967903
475 203 700.4536633272887 455.1052492092162 338.2106015288927
475 203 694.5521825572489 455.1038991054188 334.3045569683529
475 203 693.1934454855523 454.4356289548433 332.908779038304
475 203 694.3574033726011 450.4150881326284 330.6537407168506
475 203 696.8368632326947 450.0761926712164 332.0515605652612
475 203 698.6044643771347 452.074309014047 334.7192374217686
475 203 698.3099737599797 451.57804438040694 334.1532410865865
475 203 699.735633606808 446.21477656936736 331.1488072669759
475 203 698.0709727268422 445.29246651903065 329.34222050198053
475 203 699.7231260009651 445.25266356052333 330.43431474623475
475 203 698.3214835890382 443.29425357746555 328.0454440085403
475 203 700.1454766676808 443.15466898269455 329.1880172456233
475 203 701.1330019998152 443.97593487804755 330.4626087529381
475 203 702.37225682061 443.7857647530652 331.1735612626949
475 203 698.9512929920998 444.33173792932143 329.23424695013125
475 203 703.3259271857 444.2368479001779 332.156508004921
475 203 702.5956605674933 444.5153046568513 331.8575403582768
475 203 705.1589116518189 447.0471932310345 335.45813022893884
475 203 715.0006303588752 462.575640262968 353.5248443753101
475 203 712.5166355492811 459.6938761686872 349.7226018220088
475 203 705.8665023492242 452.740858183246 340.10268765928413
475 203 705.5597870608151 452.9159225622398 340.0232106190162
475 203 703.0703716652397 449.5436286372707 335.8568969861316
475 203 703.1245430291403 450.2413866197793 336.40616877507654
475 203 700.6771370810118 447.1559727498093 332.47903577592285
475 203 701.8069770181938 448.7115184901017 334.38832985444196
475 203 702.8968802769539 447.9602214205248 334.5780897165276
475 203 703.4965418470202 448.91138953205063 335.6830069241382
475 203 702.4192778494696 447.4945020213047 333.91179891734885
475 203 704.2852227036212 445.6745941620363 333.8602581948894
475 203 704.1913888213046 443.00267965578314 331.8583718271921
475 203 707.9450877957852 442.3038050017006 333.9606638759691
475 203 705.3556228860025 444.70456317789717 333.8934094231515
475 203 705.7114006256147 443.40812195768547 333.20236416006156
475 203 707.3595191018753 440.47563841914535 332.2433219190951
475 203 705.7696472578924 442.0862361555674 332.2903224810615
475 203 702.4594905578757 441.0460529618464 329.2472371570679
475 203 703.6585007738795 443.986817684055 332.20378726565747
475 203 705.3963858504203 445.9075076141314 334.7932972271773
475 203 703.862253230149 447.1606866274614 334.65261368764817
475 203 703.4795929782524 445.7274036666005 333.3459417755625
475 203 702.7669315020926 444.8213074540039 332.19771194974055
475 203 701.1543711226516 447.0827375701323 332.74942878630475
475 203 701.5400410513723 447.2275268652025 333.11780960832857
475 203 704.2588951013674 448.3052321124312 335.7592856271194
475 203 705.6923787302285 447.86188009382727 336.4168752118345
475 203 704.8185082840732 446.39873414517655 334.75287979850293
475 203 708.1379813402934 445.29381533049104 336.24338103646454
475 203 706.2600292130227 445.76811142203167 335.2872753848975
475 203 708.3984399851046 443.42438785597244 335.0801666219586
475 203 711.0781794776609 436.3949932166428 331.9730857826932
475 203 711.9249460924705 453.7372014733813 344.9674974307334
475 203 713.1935848165862 439.24036918530396 335.47830910594644
475 203 710.9081623349211 432.5760725777048 329.17751162016384
475 203 709.6403599894875 429.1675122687341 325.89544664174775
962 168 710.7101702100391 426.7744633516608 360.7087487694297
962 168 710.3119864712382 427.7739541556602 361.70341913191976
962 168 707.688844791234 425.7995611079698 362.1253614027591
962 168 707.7473706531031 424.9580998612512 361.4856354187747
962 168 708.1385442236427 427.35224546881375 362.917657270361
962 168 706.6243150328144 435.4447708226671 369.788379905113
962 168 702.3024507039293 443.7289999077392 378.7734131383922
962 168 700.5710195784761 447.53753240242065 382.7353443645777
962 168 705.5836275629331 450.2102226295916 381.3029842663551
962 168 705.6451899196188 456.26730424756187 385.76654514032793
962 168 699.8502373606556 458.56747257185305 391.34633532033894
962 168 699.8446024071332 464.5150845415802 395.7861137631973
962 168 700.9052346125659 468.01582884176867 397.7184608090662
962 168 697.1078754902994 473.25499903141866 404.1638925744532
962 168 696.7166308721296 477.48717516532986 407.6243092942931
962 168 692.843741277349 485.9377986126075 416.56876430693364
962 168 690.2011873769736 487.597130184363 419.54370471426176
962 168 688.5078734143174 490.8536760615094 423.1222511884587
962 168 682.5695497172533 488.9167356006392 425.5219474172738
962 168 689.9443978346236 488.3816850740152 420.30783337981103
962 168 681.4273954237201 481.8805381670094 421.0011623246769
962 168 673.3859215605967 491.1091247210985 433.2408022698929
962 168 677.8565830960526 485.3397390960407 425.9600819083798
962 168 683.4733727888414 489.3240233855897 425.23665184262603
962 168 682.6801265174602 488.3658242757075 425.0339434517619
962 168 682.2007685548517 491.42632005995404 427.65896977009555
962 168 686.636107141264 494.3202644264809 426.9779718740603
962 168 686.7411586060887 492.57835066317085 425.58023389807795
962 168 688.1196305716328 494.1722971122182 425.9094083977014
962 168 690.1344321217705 492.19043374422836 423.0961171282752
962 168 687.8317285193784 491.62413937571756 424.1471733647952
962 168 689.4498566986663 491.3490758979041 422.8926642749979
962 168 689.2103342654693 490.86136409014534 422.67441625168937
962 168 687.5918713219712 490.75841506373104 423.6423203352437
962 168 684.8925309881445 489.3584185718786 424.3345172964075
962 168 680.8073035679234 488.15777107755235 426.1107026443813
962 168 682.6702442601804 486.474973866896 423.61706932226815
962 168 681.1739236805485 487.732573227402 425.5492962320516
962 168 682.3055124170028 481.9255077711431 420.45003367069125
962 168 678.6359373676291 486.0464720878888 425.96801569962315
962 168 679.1243443739744 485.3898284083175 425.1528427788236
962 168 679.0398234459219 482.3677456174502 422.9580842117963
962 168 678.0792816985344 484.5059953629433 425.19056831203073
962 168 679.4465174444325 483.33306685917637 423.40455070664177
962 168 675.9905493087945 479.6923661952807 423.0290025862271
962 168 677.4975681958191 476.4238787235324 419.6032920144464
962 168 679.2874762134563 478.49123960970036 419.9180646032335
962 168 680.3557174660971 477.67922646768295 418.5985250686622
962 168 681.4572565174724 474.96660429465135 415.85180902924105
962 168 681.4437026593621 475.7423185356249 416.43387301607737
962 168 677.9427901639958 477.03609797383797 419.752079578781
962 168 682.1470913778489 478.4051990850957 417.93425090956106
962 168 681.7164025735608 474.90098980934306 415.6285752114028
962 168 682.0317218205773 476.27128064591716 416.4293688704297
962 168 677.387862480007 472.4942324058537 416.79828021733664
962 168 678.5513798476252 471.887403168354 415.56067435537136
962 168 678.6433259394814 468.78371298112995 413.2334046629746
962 168 677.2567489491488 472.3460570659106 416.7796077911857
962 168 681.1465012244887 469.193308987244 411.82046713723634
962 168 679.7653835944958 466.97176441434243 411.1453448776809
980 300 678.5103596594822 467.2025071590955 344.7501727815987
980 300 678.5900620467346 464.9015880650576 343.5702030784527
980 300 678.6944063035477 463.11247487026907 342.6233212305837
980 300 677.987259374413 465.44807869356566 344.36138320603015
980 300 680.5544998057319 467.4054841948139 343.0629734102698
980 300 683.8049871889593 463.8519961984062 338.495143646604
980 300 682.051904369579 463.2297070285539 339.73078304213476
980 300 687.5540032396035 463.33704632313686 334.9681353841711
980 300 685.1554342063312 459.5988224020361 335.2687013280151
980 300 688.1244594964444 461.638591769565 333.64407007092274
980 300 690.8780639879017 465.52867827379157 333.15347396425614
980 300 689.0341624376172 465.7390708162634 334.8590124566119
980 300 686.8030045500327 463.1931083241964 335.5539729244776
980 300 684.1886442612685 467.05189077745297 339.72149239679914
980 300 683.184290602828 464.25342869333525 339.2325959905136
980 300 686.1412981723001 461.55778224518485 335.3413986430002
980 300 688.5245653802237 463.61793267573944 334.25851803636994
980 300 685.6914800617285 463.7997598517153 336.820228364829
980 300 687.0736470151403 465.8814571192903 336.6340833739649
980 300 684.3133329672644 462.3444667301446 337.32229534796966
980 300 684.6053372940896 462.72938218874594 337.2519215403665
980 300 684.9527884244901 465.07863848518787 338.0884705851518
980 300 681.5434876164052 464.0303450749242 340.5616594532884
980 300 683.0616014158695 464.0174996227959 339.2258137822383
980 300 687.9915868356061 462.32307373418695 334.0923429611964
980 300 685.3615959852805 459.9678286824829 335.2633223806763
980 300 684.5540642377956 458.9660411335364 335.4973966993988
980 300 689.5292290136531 459.55442628864154 331.4074286217802
980 300 687.6865596130324 460.7488690871469 333.5975814415655
980 300 688.3841548461712 461.82722201613126 333.50839709104787
980 300 689.4191295972767 465.09527590236127 334.2060627356737
980 300 687.9136913533484 461.6309063312158 333.8247468062805
980 300 685.6645326145054 460.1733547789941 335.0953162045018
980 300 686.5289290039487 459.3112892011107 333.9241775889989
980 300 681.7980078216333 457.928292049668 337.44002958877286
980 300 683.313808595934 458.18979948053493 336.2241942953272
980 300 678.731274264956 457.5402395048583 339.97319330980383
980 300 681.8772696640908 461.2858720254865 338.95470915442206
980 300 684.1646822076829 456.79541530965287 334.81836496137396
980 300 684.119528309559 455.39229966085264 334.20356120431467
980 300 683.4582495206184 455.97651159686046 335.0607138225867
980 300 684.3782036840439 454.7917924801313 333.69558803838663
980 300 681.9345072875138 459.02743411524045 337.8354077760564
980 300 684.1022665921225 458.5799425786315 335.71277429398094
980 300 684.3114147067889 459.55565636053973 335.990694736243
980 300 683.7538530156125 457.2509452124809 335.394751558986
980 300 682.8155395632511 458.5571122019612 336.83669834937353
980 300 681.2939401828306 456.88661612365274 337.3999414496522
980 300 686.1486139304794 457.3657548219173 333.3355934874795
980 300 683.2881421298805 457.3225764176962 335.83972315888997
980 300 691.1304860062244 461.2025687533021 330.80487343396743
980 300 683.5738850140463 459.9502930801315 336.8271632485804
980 300 687.1407260916103 459.473290372673 333.4640680139857
980 300 689.3005980115081 459.51724389360857 331.5899477002881
980 300 682.8488831447029 456.90718539356544 336.03370526850597
980 300 681.6312755984711 458.3575215084558 337.78839577359156
980 300 683.7737546170686 457.79540094922595 335.63280086188786
980 300 683.2361233939707 457.71428834638357 336.0693309524759
980 300 680.9906379959278 455.61908873807675 337.0814431940027
980 300 686.6758481033014 454.50379726574397 331.52749728408895
254 132 685.9367822728088 455.3568971901525 539.5637745814953
254 132 686.681304742111 457.67722628021846 541.5521832574514
254 132 684.4144089046671 457.11969910716306 539.4065091749322
254 132 682.7753818594579 457.18934659760737 538.1416534977595
254 132 686.511485744127 448.8143092273997 536.1319724021564
254 132 689.1178944794146 433.9978869609919 529.6511170809546
254 132 687.0658095191278 423.4625252680395 522.0118763113345
254 132 685.1277177751816 415.61448002363744 516.0506586693936
254 132 687.0258320344664 414.0126020529052 516.7615300366235
254 132 687.8009401590107 412.36201375012286 516.5134213521133
254 132 689.5744862275283 409.55719714702616 516.4911719869841
254 132 691.983259559308 413.3576050165192 520.5683793267008
254 132 691.0389387441949 414.19101445871235 520.2257227587745
254 132 687.5685506962302 410.5885533229253 515.3574198509127
254 132 687.8636322704665 414.2304312063068 517.5825226046765
254 132 691.6958940896116 414.19612204285227 520.7805171076668
254 132 691.080929455389 415.74962607101855 521.1080398430153
254 132 692.6380644414286 414.78639963972455 521.892229677853
254 132 693.1535738727371 413.7028277666192 521.7397288082508
254 132 697.9440126988793 416.98944960675647 527.5464650609885
254 132 696.8684071160831 414.2420748930949 525.1599897759693
254 132 698.0152926864491 414.47316755723216 526.2515278165463
254 132 696.625350714147 415.4947119440153 525.6295775496674
254 132 698.9310032093922 415.2264947627185 527.4285211784554
254 132 697.6499875338556 419.57552566955223 528.7012335931414
254 132 695.3190701995416 420.2733043329059 527.1280866286676
254 132 698.2635359760657 419.8671201826195 529.3746955420062
254 132 698.5896233123732 419.4646107422516 529.42972676856
254 132 696.0135707115912 423.20277560885046 529.3156461087367
254 132 696.5531058063114 423.98521341218947 530.1967713124761
254 132 697.4050906731784 425.54534209632334 531.7677522202122
254 132 696.400369942486 427.1566977924144 531.8228686103778
254 132 699.0301515020758 426.6395871721634 533.7268234546053
254 132 697.0974602800359 426.1596491634838 531.8507859377495
254 132 690.3854666562086 428.1391751491826 527.380969098047
254 132 693.1310088135267 427.72495146302055 529.4235448290825
254 132 696.8343704277074 430.6058933201173 534.104633154974
254 132 696.9685540416601 432.58282867770606 535.3234319228427
254 132 698.4369616467786 434.908181134331 537.8453114752688
254 132 700.9771081190474 436.40209066448864 540.7856950617113
254 132 701.8384346178682 435.25026312705893 540.8511677047699
254 132 701.6417746032346 437.65180788626503 542.0389156085339
254 132 699.0679858558535 436.86125625604825 539.4681618036435
254 132 697.1284089214444 435.0648721098662 536.8529626445405
254 132 697.1498053165354 433.9610369765263 536.248280000992
254 132 700.0245691648864 438.2400119705069 541.036839069595
254 132 713.9583339411956 441.15173094412216 554.1989369420581
254 132 706.1835387798961 437.9862126888666 545.9830721727425
254 132 709.013567275364 437.0759060267961 547.8217363729946
254 132 703.9187533877355 437.063228562832 543.5903403033875
254 132 700.8770746979487 437.12876969377993 541.112452255015
254 132 701.000464904196 440.66766266005993 543.2173980982125
254 132 697.3934869214588 440.79217628928643 540.3243399864971
254 132 699.283096311723 439.73097206509317 541.2720083553946
254 132 696.5548458298301 437.8882243844157 537.9799228451889
254 132 699.49778117544 437.2428266346289 540.03838404704
254 132 695.0789157011204 438.69918564168177 537.2290017761019
254 132 698.435912023939 437.81280529219487 539.485636302981
254 132 697.6038317063743 439.0802501138845 539.5207498461789
254 132 698.7150289631788 439.38061986653975 540.6054961385976
1056 206 695.4618081424396 436.5218707621176 427.93471545036573
1056 206 697.970741340896 438.3078633827183 426.7925648900544
1056 206 699.09370080649 440.7840258633479 427.20679442701805
1056 206 699.4148503109136 440.88208362617746 426.9924615111639
1056 206 691.1219461411005 451.07765922824495 439.54414253935147
1056 206 698.6662780572328 459.7426972422843 438.261046912979
1056 206 694.3315363143641 463.8886876624316 444.1966375930589
1056 206 695.2193501581156 466.6728809002378 445.09889702981957
1056 206 693.0717697798102 470.3545519931598 448.99914192597663
1056 206 692.6590626893073 470.65241159542535 449.5081041417241
1056 206 692.0252407908165 472.351107306011 451.0216599061749
1056 206 692.4197460773913 468.44294876032666 448.4048420751543
1056 206 686.1910832623898 466.9068522381022 452.5826117334156
1056 206 682.4714949961065 469.7234623563087 457.2456764668673
1056 206 673.7727170917591 475.6822073576709 467.7886154714779
1056 206 676.3638764540565 478.9451684026741 467.57101199214117
1056 206 674.4776468971546 475.34970816477363 467.0209537114807
1056 206 682.1273062140029 470.0177914128235 457.69660840048084
1056 206 683.0786401338344 467.16668890814515 455.2783544598558
1056 206 681.1343340608976 467.61625894503015 457.12945042335633
1056 206 683.861293730611 479.7875860632514 462.00309413054464
1056 206 681.9002591619833 482.12520045412026 464.9685391732428
1056 206 694.0690745580462 475.5771558009598 451.2935161521868
1056 206 699.4211302615372 467.0752147005892 441.9375047163551
1056 206 695.5221776084508 460.0257228097547 440.99130182484515
1056 206 684.4380339193294 472.58349275286207 457.30192788359057
1056 206 680.3504437965971 476.6205561067428 462.9774016767301
1056 206 669.1608599989884 486.17255498578146 477.64126790299747
1056 206 664.5921251918476 491.07689865140986 484.21995271419837
1056 206 671.0309469434071 478.31595598161346 471.5476133896447
1056 206 664.4919465596554 481.45646952153686 478.7011829000604
1056 206 661.5700431889179 478.6070749184552 479.4680470329471
1056 206 666.3086198344529 486.4872785174118 480.1379855681418
1056 206 670.329010546837 489.22485445339055 478.4960086415831
1056 206 668.3972379042804 484.5233331885091 477.29566131976134
1056 206 667.2633680548097 489.6350027315118 481.21199464539023
1056 206 667.8329156211532 492.3761236875997 482.3743044706156
1056 206 677.7127066550468 479.9054674942256 467.03905771303647
1056 206 669.0104678461553 476.9568407811787 472.4177257076291
1056 206 667.3321224761776 485.9803685979293 479.01119592250177
1056 206 669.9330690728661 480.54424727963334 473.73222274808035
1056 206 668.8392591287261 481.76869270500345 475.33336843548057
1056 206 668.5398597528113 478.3164015202295 473.583765365007
1056 206 672.5777823203771 479.52392064420553 470.9861273699447
1056 206 686.5466517308995 462.36055713079986 449.68490279268144
1056 206 675.1994651867194 474.0361218204586 465.67414563687373
1056 206 676.2968450207856 476.6254172318205 466.27524312691776
1056 206 670.9752205796121 476.9158647551959 470.78603053167785
1056 206 674.4986019208923 475.0633999148848 466.8387622188962
1056 206 671.0717453831264 472.193357803047 468.0049838846309
1056 206 672.6898632406571 472.81406312078616 467.0293408571768
1056 206 676.0217645671684 467.0929706629826 461.03470447708116
1056 206 677.4685126586031 462.76276116799914 457.39829736402066
1056 206 674.2363471747994 462.7270873859371 460.0568269421799
1056 206 678.5748166244049 459.52581353800076 454.6703280138332
1056 206 674.3119306960318 458.42328629294934 457.60605078158994
1056 206 674.1381449964006 460.14986532234525 458.7053851331552
1056 206 672.9415587188848 460.9017344934159 460.11809754069606
1056 206 673.2508558811844 464.49507431678865 461.86211229080914
1056 206 673.5930649716433 464.87828114864817 461.79327453770946
932 126 674.6343415945917 464.76554409965325 425.4399793103411
932 126 675.9601142674835 466.57637703770774 426.08531033356564
932 126 674.7786616161345 467.7550318038045 427.7374412922096
932 126 674.6360757283016 466.00825313735857 426.4291285994035
932 126 672.2771097639845 462.93598296572765 425.4196003120101
932 126 671.7075836154013 462.12764074600585 425.12813703730467
932 126 672.0749936780439 460.3544662970173 423.5019693510671
932 126 674.3864995006226 459.3862009821678 421.32063163921265
932 126 669.6162611317982 463.00835052162506 427.106374037854
932 126 666.8744045086687 464.233652185148 429.7599153657036
932 126 669.7478457300217 461.75205580526807 426.0347819095388
932 126 669.5787192831408 463.45855742797994 427.4847442359199
932 126 666.9550403076389 461.9469404626185 427.91258156838467
932 126 669.3521170383751 463.36450475387556 427.54966903513224
932 126 667.7789776906347 465.3688006393543 430.0975836686366
932 126 663.045656444418 464.1514956124007 432.06813456018426
932 126 671.878738635135 461.81522453026975 424.7763360173962
932 126 672.4497357696752 458.1250657391296 421.51322512378255
932 126 670.1333901385547 459.87508490037635 424.319094170366
932 126 672.6848464924802 466.0365568208814 427.6320951626866
932 126 667.97907920191 463.9780709607079 428.8778649795214
932 126 667.7949900230997 464.7760057894286 429.6201454721752
932 126 668.2113148776325 462.8645092253518 427.85764919447763
932 126 666.7858592963935 459.9222708239954 426.430092021431
932 126 666.9823065850344 457.8561325537166 424.69150042883905
932 126 667.5366855791256 456.6553797965497 423.4073982146212
932 126 668.7610724858696 456.2532179853444 422.3291618494572
932 126 668.2042623402981 454.3529987630542 421.19340332454937
932 126 669.8357757097763 456.05451145677796 421.50452077132826
932 126 668.7647563800265 453.8918732438606 420.4829057441393
932 126 663.5953913350522 453.3736822139709 423.33740888199065
932 126 664.6853979019561 453.2608856518716 422.55979904917945
932 126 663.6577393871476 450.25387538831535 420.8897059030515
932 126 665.1340011323246 455.61925241581434 424.1064877065694
932 126 668.5376254908194 459.32139206465035 424.87124307245375
932 126 669.3972182437931 454.99964970883775 420.9524800908482
932 126 668.3423748592595 451.38454029065826 418.7964211344436
932 126 666.1327802380134 451.6815956852276 420.42107500938215
932 126 667.4418403535501 452.46439578388356 420.20235785874956
932 126 670.3265572369153 454.93573124576574 420.3233349906617
932 126 673.0467867497898 453.08840981077657 417.18532390911275
932 126 671.9567647104498 453.56036102357854 418.2323210056266
932 126 671.130787742947 451.87709763905764 417.43098671429664
932 126 672.4131085343477 448.57058586418805 414.04967948975144
932 126 668.2790730143671 451.18755830219055 418.6832638220712
932 126 665.5339344312349 451.79998556445184 420.8916662200553
932 126 666.7459790264054 448.03671902573785 417.21378697679944
932 126 664.7132209118072 450.093757587729 420.09402040813916
932 126 665.9365940594064 448.46199546130856 418.05678381961235
932 126 666.1681371207083 450.5294370518049 419.5067756723793
932 126 666.1571095552092 450.32580114069015 419.3562539006561
932 126 667.4545234213266 451.6596508672184 419.5694428592197
932 126 668.7677551330228 455.49062346769665 421.72892441809074
932 126 664.8124605538621 453.7883419765975 422.8881393123344
932 126 662.9642022558631 454.52829472448326 424.63054636048156
932 126 669.6648501548846 455.61313023469205 421.2654109553397
932 126 670.0649324158009 450.87362680866704 417.31625061355567
932 126 670.444865063812 452.1504351549279 418.07319330858365
932 126 672.6352518556046 452.43664410173153 416.93039610036374
932 126 671.1112611428188 448.7526773086979 415.0087044538018
603 232 672.434441870821 448.6968238495017 227.54923683540315
603 232 671.5658810409312 452.37081652548204 230.79119744701444
603 232 671.6625165827136 453.7736002944765 232.15958082975092
603 232 677.7361754166517 452.85046295202073 233.15321765317847
603 232 677.5901207192512 453.90366630779 234.10451347582233
603 232 682.3407823350474 447.64305110977386 229.77572812085683
603 232 679.6465757641142 445.0300887561399 226.3990200769715
603 232 678.7281422154373 442.86861995481286 224.05429343141094
603 232 683.7970556308487 445.6990400258669 228.46322221878847
603 232 687.4027867643031 441.31549687781114 225.6918422247144
603 232 683.8668129643376 437.0030691425617 220.37626867900065
603 232 682.4621264967509 439.02236544473897 221.74870764385685
603 232 679.6288725013169 440.77891505962947 222.39743585369652
603 232 680.0929727874313 443.4236221216324 225.0406062119333
603 232 680.425259469084 441.54565359444223 223.3921479017939
603 232 682.3608760959432 443.5315638450552 225.9286417377184
603 232 680.9147447743669 445.68420440999694 227.44592031423224
603 232 682.9761410654064 447.29417632234356 229.6688169909667
603 232 677.3309346310298 444.5151368020898 225.13944837174438
603 232 676.921838706864 442.6093316266173 223.20557521265926
603 232 681.9237044755346 444.81003099707186 226.97369984453312
603 232 679.6689605932856 445.42202499738164 226.7754181397044
603 232 680.0595269401206 443.2841449533716 224.89811159925844
603 232 679.8271572958453 447.7808073640618 229.04970841467338
603 232 681.1042891369715 443.5906231734118 225.5457199693765
603 232 681.3924101014625 447.6242118604126 229.43227911943856
603 232 678.294710068422 451.1737882734526 231.746505540912
603 232 675.9488948282244 450.1489692522246 230.02285547846628
603 232 679.4338318508721 446.4914318841641 227.70310714420742
603 232 680.5943175199501 443.8854958272269 225.64649665646624
603 232 680.944165941916 441.7514086143085 223.76538253283852
603 232 682.2929587999147 444.3504827524007 226.67179101163555
603 232 682.2330193402786 444.4688092525456 226.76169486703782
603 232 678.6971188917087 445.80344248311235 226.80821375368004
603 232 678.7201301687172 448.87503657966283 229.7135599049337
603 232 678.8283581391049 447.3773855468951 228.33606395637165
603 232 678.2940431746031 445.56637667807956 226.45041440673577
603 232 681.1522670539355 446.99118076809657 228.75529426382687
603 232 675.8429379082744 445.48576855289843 225.57097991038307
603 232 678.0031307915783 441.70740494683315 222.7165582485363
603 232 678.7104239356248 442.4145236120215 223.62097405964852
603 232 682.2604661693006 440.3485983590566 222.91558926095394
603 232 682.9800551502026 442.47031788503733 225.15453344860305
603 232 680.8169341080971 442.3162044092635 224.2507103023378
603 232 682.2415555619586 446.8206687725031 228.96974441996582
603 232 679.5126840109103 448.4128616356309 229.54023066965004
603 232 680.6889122297932 447.55931965870803 229.1318122286244
603 232 677.3130561158342 443.65999469930847 224.32651128519433
603 232 679.20621587033 444.41298653118236 225.66936917617238
603 232 680.4943161057347 447.1534384471586 228.68399835653298
603 232 681.7669131652915 447.7776116801615 229.70460228733586
603 232 680.1627949784648 447.21525254372267 228.63005457801677
603 232 680.2890869736826 446.7076275611993 228.1950225096598
603 232 680.4128736695177 447.0574367900409 228.56608262923692
603 232 678.834868937938 448.6241598461289 229.5146051472007
603 232 677.6337406587196 448.45018930884265 228.95606499183822
603 232 681.1989390581941 452.2046901730894 233.67751206321384
603 232 681.8892417745479 452.95437842678876 234.6153230582599
603 232 683.1424327575721 448.500149835663 230.8573681023989
603 232 683.3722840260604 448.2157500772874 230.67066267960848
986 534 680.904369851547 446.78424199153824 317.3167691450803
986 534 681.756157783273 441.70252821742514 317.9357463769242
986 534 678.9400753964047 441.6245940550296 320.654039302585
986 534 679.3932497837118 445.5625220366735 319.10638788138857
986 534 683.1756736366965 448.26619792235897 314.7266392539352
986 534 684.2933028863903 452.3860959195888 312.55041260963003
986 534 685.2049675186954 455.14832277630217 310.95858014600486
986 534 687.8959964280373 456.47025956129846 308.02087201701966
986 534 689.1219041704417 460.62309628951573 305.81166390692505
986 534 687.0745574784007 462.1268223184428 307.44458664412787
986 534 684.8223844014026 469.959729697213 307.91088379287686
986 534 688.0592425165705 471.27802426778544 304.4712485762034
986 534 684.7124663912664 472.80361726704206 307.43970980930953
986 534 683.7170326311146 471.1170500864769 308.7543647483631
986 534 680.5138536459865 471.4489094451147 311.82434886299563
986 534 680.1670902026572 474.8570889979769 311.4990411492511
986 534 680.2642119793115 473.98532368650217 311.57043096167723
986 534 680.3872216971156 469.401700642115 312.36534785718294
986 534 682.6757396228014 471.9475857956074 309.60637758606987
986 534 681.0893781373288 470.9237603454486 311.3665032299384
986 534 680.931376866545 470.79718017743744 311.5468845199151
986 534 680.8318245588931 467.6678739735012 312.2940381199256
986 534 686.634066368701 467.59302550977816 306.6428679749201
986 534 687.5635705453401 467.67548228671245 305.71758875724896
986 534 683.8478078271444 467.8694368861083 309.30437858624424
986 534 685.6675168868915 471.5725501911978 306.7519957596301
986 534 684.533077778053 469.59077371888816 308.27074727275846
986 534 684.2461255337719 466.7970505773854 309.1466272927438
986 534 684.3567306118954 466.621282207426 309.0769379596543
986 534 683.0156251425389 464.6149880828536 310.82762310726037
986 534 685.1514822833723 463.0524305703357 309.10093532739285
986 534 686.8842325502812 466.4705045797556 306.6438896973932
986 534 685.4751629658604 468.43232221935546 307.594372581721
986 534 683.9512500264395 468.17098599636574 309.1389759400796
986 534 682.6582449033268 467.6110755289335 310.5216734425393
986 534 680.1919924161906 468.5965766086044 312.72375236571554
986 534 678.7731640095665 471.4026289775754 313.53908785287337
986 534 681.2141685649647 472.80398189207773 310.8687113168691
986 534 684.2527497079195 471.5264859443733 308.14662584115706
986 534 684.2292196359623 473.0386996441939 307.8666659815432
986 534 678.7027644117709 473.6390673089328 313.16933629508355
986 534 676.5686503019647 469.9999811730825 315.98063640956485
986 534 677.7660648493045 470.29444628055376 314.7484016689909
986 534 680.7257350326439 468.67230810482806 312.1859769107351
986 534 678.6183492780108 465.10931681645377 315.00699266852905
986 534 678.1213782537112 464.17518604466824 315.69724479680065
986 534 680.9711805728887 460.74759154604885 313.70128470473594
986 534 680.5874500175701 467.3253532969918 312.60571683790624
986 534 675.7043102098027 469.6740358598358 316.8931125236648
986 534 671.4376125577004 472.249899393708 320.56601585053676
986 534 665.7122770137134 469.6987625462808 326.67854939346694
986 534 667.1073440483135 462.5851385367954 326.7913836956681
986 534 669.1345280992872 460.2094769839408 325.3440772011148
986 534 671.6752043434551 455.79298831446204 323.90803299904525
986 534 667.3872281159295 456.9637705164089 327.7936531733024
986 534 669.927763550663 466.65142630010763 323.16789604398423
986 534 677.2619662609355 478.1118427583647 313.75573237301893
986 534 675.4632231395335 480.11826886761133 315.17666590772575
986 534 673.4778772607547 485.75401311599273 316.2242123112266
986 534 670.32006322264 489.05775571730874 318.8630235774025
1225 232 672.8529472513324 485.89246865141075 607.7234185852537
1225 232 670.5404050188204 486.5317113895067 610.091660793331
1225 232 676.839349926922 490.027820029557 605.8534923541705
1225 232 676.1735738970553 493.5486951110245 607.9623063177606
1225 232 666.9111614659839 491.65948553596877 615.5373263458936
1225 232 664.6637143802853 485.8528721901024 615.1569179496098
1225 232 663.7023225889911 482.919884668604 614.8299530675929
1225 232 663.7744828962645 484.99183700946185 615.6126628341699
1225 232 662.1912000616826 488.9950076253346 618.708476774284
1225 232 663.6353820010332 485.8236182362908 616.0817019809047
1225 232 662.2782747139588 485.5602285573191 617.2102799005689
1225 232 665.0783768638349 480.9623206705806 612.7760285529441
1225 232 664.4396927212694 478.4807270235492 612.3566010834555
1225 232 661.2247803127016 478.95783363414535 615.4922176004599
1225 232 660.8905930984927 476.6361051455611 614.8709188891278
1225 232 661.774496132123 477.45153999756093 614.3854056652048
1225 232 663.6069355129584 473.5882184946645 611.1685857188484
1225 232 664.0220321443758 476.4801715291268 611.9369531988872
1225 232 664.1776898862119 474.8080425552597 611.127980909795
1225 232 659.909967265268 475.7135787946096 615.4047883994865
1225 232 660.7189973125408 479.83735209917154 616.308691395386
1225 232 657.6971228246593 478.0028644386365 618.3445348375238
1225 232 658.0855689730411 475.8947058828019 617.1520069353085
1225 232 655.7597673538862 476.81174868489643 619.6508974875762
1225 232 656.0290187851188 475.0370982404493 618.7042981794798
1225 232 657.251251103113 472.8000794240028 616.703591788297
1225 232 655.8856215818798 472.3594670522966 617.789486090454
1225 232 652.8828459769531 472.9609749704516 620.7900042575922
1225 232 657.5416014782681 475.1756565107436 617.3681510835166
1225 232 676.7057113146584 465.70386003560986 596.0235911442672
1225 232 671.4894145989629 468.51865527367306 601.9261104516612
1225 232 660.8796489140425 466.59216142034484 610.954378582569
1225 232 660.5528840774687 468.29324888387856 611.9109789351406
1225 232 673.2347350626112 469.2864859104759 600.6244949943095
1225 232 670.8713001366161 471.5704678697937 603.6991180113121
1225 232 660.698694012662 466.39284851373736 611.0449831014073
1225 232 660.0841969455569 469.60830170672835 612.8519964727226
1225 232 654.7561014262033 470.9710543324002 618.2922194799006
1225 232 658.9955032070416 468.88264938836664 613.5751624463802
1225 232 659.1899657299267 451.1596975320806 606.7717593156875
1225 232 660.4559995394841 444.1488212602939 603.0895877215052
1225 232 661.5135485437395 438.0901667383242 599.9917814445453
1225 232 662.1866486853305 443.37963171152376 601.1989829669949
1225 232 658.9054724451831 445.48860879699316 605.0127273153738
1225 232 656.9624511280101 448.84679731500137 608.0207154647542
1225 232 658.060736274774 450.43939494363605 607.5655503866584
1225 232 675.1186671789462 456.75823744253705 594.0418718266704
1225 232 666.4841822541646 453.03310925365594 600.6625958544762
1225 232 660.1632928185322 447.86955607413995 604.6818758812351
1225 232 652.7577121837834 444.7432340352798 610.5087383428083
1225 232 652.7352632111586 451.25831252244086 612.8304305288619
1225 232 657.2166036966044 457.4375080368646 610.9010191084069
1225 232 658.7055791766111 460.0867961709789 610.5022175580029
1225 232 658.1371619728152 460.27332895019674 611.0991653129948
1225 232 656.6026010355263 464.00583786721177 613.9237020624355
1225 232 654.3929838215753 465.4902772238318 616.530677639083
1225 232 657.426908037384 466.0018149057212 613.9186135793371
1225 232 656.7907375085462 467.2737549991335 614.992281067392
1225 232 660.1811271723614 468.5110496697341 612.3380077360572
1225 232 663.8661063161655 469.85623069823566 609.4643821608881
589 546 665.0725540523163 477.7621871738818 102.19311414833645
589 546 661.2618334084323 470.60150268528736 104.4351758980888
589 546 660.8038400972679 471.6317687228774 103.37516759842092
589 546 666.8300517595884 467.58342941972023 110.48382460103473
589 546 673.3132282807053 454.12835055698247 124.69611234715791
589 546 681.0628612071218 446.75335929400205 135.37158529420873
589 546 687.7762895752587 443.09163644279465 142.642513551456
589 546 682.3419993757814 431.90203876076754 147.41463158865122
589 546 672.8444502497636 432.43670559954205 141.16130373714378
589 546 685.8906700946576 439.54274589597435 143.94772975896794
589 546 691.5531920342353 436.7771941334427 149.82249002661248
589 546 690.8194986284122 434.49575028083274 150.9980397434869
589 546 690.2695874886672 441.5007894769077 145.51843302507893
589 546 684.019993533096 449.96378246673817 135.0990534723526
589 546 692.5704095532803 450.1914094012614 141.08903489481713
589 546 693.6164268762141 445.83161890339795 144.8388806358995
589 546 693.012084579907 437.74182001864256 150.12776982135486
589 546 695.6065575650198 440.8598650317767 149.7311126553199
589 546 693.8525488118653 441.49869775443386 148.0357361023471
589 546 693.1481977320077 436.78101727662397 150.91598085674852
589 546 697.6806499429663 438.92050749153987 152.5696607713832
589 546 689.4716007789427 438.178620469584 147.37704179052193
589 546 694.9640320374665 438.91933940523677 150.6474160384044
589 546 693.4005500104602 442.41080324537234 147.07207935823698
589 546 693.2874375355246 442.15654338212863 147.17110147740857
589 546 692.7212431824208 440.5349646338782 147.92217538991306
589 546 690.4107526236417 441.0439933137983 145.94486660108146
589 546 690.2040192020983 442.13290762983854 145.01940001286147
589 546 691.1044741913986 444.52146514264217 143.9556066525301
589 546 691.5437838134185 446.0205417076738 143.21703697256171
589 546 689.0174813263858 446.88157473681247 140.8117850093806
589 546 688.8674930139075 448.68520592907544 139.44061569696728
589 546 688.0004951197668 453.3045840998234 135.62277892325346
589 546 686.3349221280952 458.87989242502636 130.6292471445707
589 546 687.1200563375965 454.9105135400278 133.88368085481724
589 546 685.7351463629291 458.8031420099926 130.23432951870572
589 546 689.0117681351777 459.69305148889373 132.10315335684948
589 546 688.57892360191 455.1172050394507 134.8170777222095
589 546 687.282921736579 459.766660058948 130.75060849750398
589 546 689.8199700374847 459.03941341717933 133.14206689543153
589 546 688.8906638045735 460.46340138675043 131.50914195462798
589 546 686.430285829998 460.106388670217 129.8860002624876
589 546 686.6530474783181 455.50577582435335 133.1364799405288
589 546 685.931516704286 454.4505824307731 133.33047209043377
589 546 687.8673484026381 455.67306714202834 133.91679274720232
589 546 686.9787263053875 455.0218613532626 133.70434742390017
589 546 686.3862963787807 454.2389118185144 133.8065320775712
589 546 684.9669145682057 452.8273015287009 133.75649678488483
589 546 687.0829299196425 456.83928606928276 132.55147698255462
589 546 688.8073882015026 454.5985059101775 135.33568583879602
589 546 691.9209555408602 456.1692160379016 136.6100026963213
589 546 690.2290993995407 458.39887888510805 133.870411166277
589 546 692.3510915199697 461.3605156845665 133.58626584926935
589 546 692.2595413537454 460.25865380678556 134.21665815989644
589 546 691.7345919205342 463.97434763705303 131.463318163835
589 546 689.1774417816432 465.58318359241184 128.46160594919502
589 546 682.2187408202033 467.3584287414865 121.9599539607657
589 546 685.6895630306255 463.52457698385444 127.0868482603352
589 546 685.1847007947772 464.4797700301025 126.08348250792326
589 546 680.7369215221863 459.75961614634116 125.90896146658582
518 128 683.3401357724745 460.26059092091646 371.1259365449643
518 128 686.4918307273925 458.29172122635146 370.7858116656221
518 128 683.6161114224435 460.9564052858292 371.87183838461414
518 128 686.3235688993548 463.44199667476335 375.30541826646703
518 128 680.6917818672797 457.6443689346355 367.6058022630554
518 128 679.4525915062765 447.0988358188905 357.61852066841254
518 128 676.8165895263975 442.74406964984325 352.54295977730374
518 128 676.881129246743 438.8258367936054 349.078664557382
518 128 678.6495464586662 442.42712273640836 353.09020418254534
518 128 676.9200071500915 436.5431869824366 347.0655080901356
518 128 679.0684996474662 435.0301998692655 346.71401069245377
518 128 679.4881012839264 437.68286005076345 349.2590452164531
518 128 676.7710544609931 434.18468095316973 344.9018796484733
518 128 678.2813005831879 436.11858420992166 347.31420537053305
518 128 677.0109759339927 439.3300999836705 349.5867869690201
518 128 676.020762756409 438.2548551806018 348.17902955987097
518 128 675.089325016703 437.83423354383194 347.3820782796619
518 128 678.340351454249 442.60398822371906 353.107204274767
518 128 679.1353682033337 441.57166244691643 352.55041394919226
518 128 680.4564188911448 436.847885201734 348.96862929569846
518 128 681.8245764814076 432.3196631148808 345.61387301100507
518 128 679.8527363856849 434.7778247737467 346.85579431291853
518 128 678.4617733805117 437.7002046085221 348.8010857938649
518 128 675.7358269671591 436.1083144887615 346.1377248525782
518 128 675.6211825440586 437.1081987279731 346.9759583997709
518 128 679.5497385768398 437.1718878284293 348.83459441064633
518 128 679.1949900299865 437.21745746855845 348.7108556011516
518 128 684.1758078511377 437.3538615427349 351.161231867044
518 128 681.869053071397 434.9342548717113 347.93922367012453
518 128 679.4555761704703 437.63504060385924 349.20160573269436
518 128 678.6907242040861 435.55063712129174 346.9998605748223
518 128 679.343896811778 435.9509609119932 347.6573706467758
518 128 681.3129844760853 436.10785132227477 348.71417944344483
518 128 686.0448047555622 433.8036256878568 348.9339678064803
518 128 683.8347860836668 434.67545895024324 348.64166904969613
518 128 681.6194366900445 433.26107267814973 346.3461311396189
518 128 685.088223625859 436.89238047067477 351.18795136975467
518 128 681.5747154919205 438.47097943896154 350.9257993109809
518 128 679.9547930676006 439.6394993739355 351.2100974738717
518 128 682.6378797224295 443.6969624593361 356.0480354468321
518 128 686.1644986333085 441.6953280905703 355.9270395269831
518 128 684.5383314482892 442.04481239494515 355.4703363626233
518 128 686.8104871796471 442.44320075528583 356.89144999993874
518 128 685.022238142731 441.47921874236533 355.1980414044127
518 128 686.6573847008056 441.9528763238798 356.3870395597361
518 128 687.0731607937003 444.2789404078884 358.6336596672279
518 128 702.3535270898608 455.8095040091541 376.0921348143293
518 128 696.9298441891715 437.28290971432375 357.31191889289073
518 128 691.8717723333185 430.88768312518346 349.2453890937873
518 128 708.5326153069129 430.7882696671903 357.7476956511995
518 128 703.772227466007 436.94330553895855 360.4958897616173
518 128 689.2679386085147 431.77804929027064 348.731716403616
518 128 709.0715374326259 437.2075370139363 363.4798940286686
518 128 698.3127899110548 429.3832193892563 351.2044235697221
518 128 692.4059567955735 428.23948086133794 347.2192155305711
518 128 690.4231128405156 428.0376936657931 346.05252124771675
518 128 687.494119253123 429.2797410780282 345.6844498172222
518 128 684.3965154005245 432.12262299595636 346.6675210563828
518 128 684.6893137251002 432.45051650764117 347.09572787908866
518 128 686.6851539316904 431.963897913014 347.6330427209578
1035 318 701.1076886426019 436.8246655262566 354.40566688614393
1035 318 697.4722691090745 439.5510613765319 358.74730611133293
1035 318 690.6950507338497 436.1301308874439 364.00635422015773
1035 318 687.148712052192 440.035124915126 368.6367998993037
1035 318 691.1580661731823 454.29186332217165 369.8685543076015
1035 318 686.041103609634 462.1589054223049 377.56337399506754
1035 318 687.8204710128002 471.4673715983244 379.5864321772738
1035 318 683.7936597851988 479.0801830732487 386.38415959506676
1035 318 679.332485575991 486.5732884272137 393.59412392427464
1035 318 678.868740222131 485.76119483077025 393.66647391163457
1035 318 677.1538533186829 495.89131618908937 399.6238044338116
1035 318 680.2780329980951 496.70979016151466 397.19625246630045
1035 318 683.904796218508 498.7220945946575 394.8775982415915
1035 318 680.1816564202586 496.19183292304353 397.04960176424464
1035 318 683.9529859638322 488.9112293164759 390.44161454714117
1035 318 693.1430308528984 479.07966918330794 377.9058707914529
1035 318 682.7717428950141 482.24615456873823 388.6406365703848
1035 318 679.5524138613824 492.17624615440536 395.82868922832006
1035 318 678.6556000418258 498.1600698995627 399.2981119010789
1035 318 674.2436763343392 484.9407579329612 397.510178138868
1035 318 677.1253706582029 478.57268787546275 392.2471649586259
1035 318 676.9228819534311 488.75765239621643 396.70820299106936
1035 318 672.9221465623796 491.43423835733984 401.4720500664841
1035 318 674.3329571807923 493.65489585900843 401.1674939662875
1035 318 671.5976687127727 488.6052048581844 401.4565858342528
1035 318 673.774185314735 492.72223065432433 401.2629400777704
1035 318 675.3142702380001 479.37852411410597 394.2294411122405
1035 318 673.7072957976266 485.8360972242889 398.37340980711133
1035 318 665.6573253874994 485.41202657541066 405.5130058728098
1035 318 671.4626500085357 472.5781687111888 395.0364731020684
1035 318 667.4207673097607 482.6351500862561 402.7644782612652
1035 318 666.8148491317282 488.9635605548433 405.9419223946716
1035 318 667.782727286542 486.1026994832189 403.86512965674024
1035 318 666.827006305286 490.39698499884986 406.5366818908493
1035 318 665.5327697102111 492.28962168396714 408.5130432247522
1035 318 664.4590856587288 491.9392331382573 409.33534666040055
1035 318 666.0922339489452 489.94516616971 407.01115466521173
1035 318 667.303838998055 481.29469368686375 402.3252711449468
1035 318 664.6088079399931 482.20808164526306 405.15914062655713
1035 318 661.8572016239515 478.62244540747406 406.24514513848084
1035 318 661.3759970588255 481.73429816483707 407.92623839282334
1035 318 666.6755692449364 481.16710835688275 402.8478516022996
1035 318 663.4041174168203 476.2790027196159 403.9006593887765
1035 318 664.5969924041268 475.2654658141099 402.4062807335361
1035 318 668.6170935082228 475.63276267358856 398.8540109331612
1035 318 668.0618208899049 471.4153299641672 397.7183560720407
1035 318 666.7316138237345 471.6484464245274 399.035649216385
1035 318 666.523545882316 472.452463046964 399.5378086995216
1035 318 666.46621829619 470.6030873145236 398.8794937256559
1035 318 667.2340005168726 468.534672027556 397.3820804443345
1035 318 663.1519444653696 471.56544644498024 402.30998340425464
1035 318 666.1427119508375 470.979958224897 399.32263467711687
1035 318 666.64670981984 469.0577476120984 398.12383689021885
1035 318 667.2685998360637 468.5067198227272 397.3394712060783
1035 318 667.7469206364938 466.0981213688082 395.98974463355495
1035 318 667.459748762036 462.3884687325329 394.88462388777725
1035 318 666.1787393181488 462.26735668745675 396.0330700036752
1035 318 667.2249100664292 465.3283792866008 396.18703678800824
1035 318 663.4528004396391 461.7015786335459 398.3685042807976
1035 318 663.638901318205 465.22436668897217 399.47976139113587
617 50 669.67117768313 464.7457105972459 418.07685587382406
617 50 670.0845685202415 466.10228131471877 419.4747667384697
617 50 668.3206027533995 465.76234855608084 418.9178138296822
617 50 662.7466676227045 463.7138536312916 416.23540248882716
617 50 664.2223231127488 456.3520426755641 409.0867027743243
617 50 666.2279878848989 446.91152361089723 399.9526876598276
617 50 663.6885926429959 436.87635032672034 389.6833780456986
617 50 661.0162523560117 429.7112921601379 382.2539677562415
617 50 659.5755182071106 427.2221774009687 379.61723600718113
617 50 660.4652151999264 419.29991990140184 371.8489690338777
617 50 658.4004606328906 420.8798827635233 373.1834476223461
617 50 661.77104908037 417.1982149221101 369.9175257780321
617 50 660.8400658767922 421.27288548950213 373.8522527360006
617 50 660.2594032997301 425.3351448173215 377.81986039498827
617 50 666.243342339729 428.164997955072 381.35766996763994
617 50 675.5446811625752 436.8048878212928 391.21030269520065
617 50 678.0407840458448 436.66892296430683 391.45731990002247
617 50 667.4834134895743 427.47874863599554 380.83957345496077
617 50 666.2642768704613 426.64222049475984 379.85040639019036
617 50 662.988348653153 423.2995131897236 376.12159571012216
617 50 666.1853126867456 426.6081285020101 379.8063683482407
617 50 665.8396133490785 428.4508889351659 381.58928597106177
617 50 662.5129696369538 430.1969391283229 382.911403496579
617 50 664.4348002945087 433.1266626270239 386.0519393743558
617 50 668.0489301323219 437.84971884921606 391.19483340027716
617 50 665.9283963541352 433.72474060170896 386.83157125503106
617 50 664.4132059290944 434.7987356359872 387.7087554383175
617 50 666.909959394814 437.89638389342826 391.09411742493626
617 50 667.8577834962206 435.3783094302066 388.7196361407956
617 50 670.1060848095478 436.11749813481424 389.75245811885156
617 50 669.7815632715767 435.4411754065284 389.03829261418167
617 50 670.2156505962452 438.21764046544706 391.84798307116597
617 50 669.7769957027087 440.6496194801339 394.1986002960654
617 50 668.5759057006483 438.56340987136974 391.97142439176383
617 50 669.0294122769435 437.52459841878954 391.00175718470655
617 50 670.3845667974581 436.4421945438538 390.1121398982888
617 50 667.5841014677121 436.9411071728466 390.23348362415567
617 50 667.2903047923242 440.62897135866103 393.85290150109404
617 50 669.5707804827318 442.48675785499734 395.99184594141695
617 50 666.8379462317396 440.89187743344695 394.05618981059376
617 50 672.4902726275377 441.1683504074839 395.0846095671034
617 50 672.1371807904275 440.2697019579486 394.1453399088493
617 50 670.934116737459 441.9328914887983 395.62644044479634
617 50 669.2674143346924 439.71457737570364 393.2039348993823
617 50 668.8708797355471 439.8611340172257 393.2966971406407
617 50 668.526262337036 442.070249912049 395.4415716341943
617 50 668.7617492014783 444.73823468557504 398.1175110480332
617 50 667.8245019865494 444.4838035421093 397.7443918639586
617 50 666.2190152048006 443.88399059402957 396.94723768280335
617 50 663.0220432648566 448.780526580229 401.42737431056827
617 50 664.1036272539102 453.8199363143111 406.55785893937605
617 50 663.0324541971927 457.5505743094575 410.1419967028313
617 50 661.8902148093105 458.93915218653086 411.3956265891322
617 50 663.5421209010381 456.5324478912898 409.18797661521177
617 50 668.3819586814602 450.6065173409865 403.8882115313808
617 50 671.0919244880527 445.584882122901 399.2659956207273
617 50 674.0648045307996 443.02940084864383 397.1504775870002
617 50 673.9339579032737 445.1912013784606 399.2712877348968
617 50 674.7317029193252 446.6062365294455 400.7860481304404
617 50 672.8689750215669 444.09207656286856 398.0325453773778
464 414 667.4545123218857 443.3355981814543 205.55854617310385
Average L2 Distance: 349.72616539634845
